kernel:0:clk_extra_b0:250.000000
kernel:1:clk_extra_c0:500.000000
system::clk_main_a0:250
